10002878
10004590
10004842
10007786
10011596
10036748
10063053
10063214
10093554
10097483
10102941
10102943
10104579
10107074
10110678
10139717
10175841
10180425
10181780
10207246
10210334
10234164
10237314
10245255
10250910
10254339
10257324
10260868
10262070
10264937
10269838
10276991
10280576
10290335
10295480
10314311
10318755
10318908
10325653
10336013
10336086
10342152
10349832
10357011
10366904
10373977
10378465
10391163
10395609
10397178
10397375
10428120
10444773
10450410
10461290
10462406
10467534
10490102
10491360
10496785
10515880
10534028
10535153
10536891
10549707
10557148
10560713
10574298
10591023
10596067
10602627
10614115
10616103
10617317
10617525
10620992
10631283
10652795
10654535
10659925
10662609
10662876
10665277
10681807
10681902
10691754
10697531
10711443
10715532
10719256
10747583
10747602
10747969
10755439
10758348
10762767
10763440
10770021
10774175
10779272
10790651
10792641
10793629
10798465
10806116
10807747
10818770
10821797
10836844
10853288
10857292
10865533
10888530
10896583
10899200
10902098
10903131
10949543
10955042
10957404
10962680
10976750
10986424
10992243
11008275
11011159
11036462
11045424
11048263
11052180
11060496
11086854
11099545
11102712
11106075
11118816
11158340
11170057
11176676
11208227
11209961
11213937
11219776
11220012
11250750
11271490
11274658
11335243
11349564
11358309
11364192
11373302
11376599
11388816
11391610
11411314
11426236
11439619
11456421
11468577
11471650
11484942
11494354
11494806
11499581
11501769
11512210
11518818
11519474
11523146
11538520
11553728
11555038
11560187
11577187
11592744
11594784
11601242
11615804
11630140
11633090
11643825
11647402
11657148
11664880
11686051
11715086
11716041
11721907
11722118
11729337
11747213
11756611
11784690
11792079
11795913
11810313
11813504
11816429
11817778
11820589
11821393
11859788
11874884
11877016
11881353
11896972
11897234
11900964
11920931
11937579
11941498
11955679
11968607
11995935
11998277
12017813
12032232
12044273
12047321
12061828
12063990
12064631
12066202
12076181
12081280
12091855
12113513
12136291
12136900
12137435
12139720
12145624
12147422
12180988
12182613
12190388
12191498
12197170
12200918
12213493
12227285
12228222
12257022
12260699
12271481
12284142
12299719
12309962
12317063
12324029
12343791
12356096
12360494
12372334
12406361
12425812
12429767
12453295
12458759
12471289
12475241
12492705
12518257
12519177
12523242
12528524
12531041
12533447
12534777
12550596
12562236
12574736
12582249
12587732
12596938
12604078
12610040
12612325
12622497
12642252
12661320
12675398
12680009
12686928
12688941
12691753
12694388
12697677
12705456
12718121
12722411
12731452
12746734
12757127
12765703
12771508
12775176
12777347
12790653
12792526
12796056
12796064
12803571
12825012
12843238
12843376
12843508
12847546
12849074
12849097
12851250
12851684
12853885
12855478
12857629
12866248
12866883
12883483
12889069
12894742
12898368
12899985
12915398
12923530
12941824
12945578
12946353
12947474
12964364
12966701
12976916
12982602
12994702
12994946
13017153
13021629
13024301
13024852
13025174
13025907
13029521
13036221
13042392
13046991
13057776
13063098
13065806
13074689
13079058
13084920
13089166
13103499
13105195
13106379
13111552
13145924
13146832
13153256
13164424
13167788
13210250
13220079
13226714
13228094
13231503
13237274
13252071
13256680
13263177
13270020
13289928
13301791
13305369
13312527
13316488
13321744
13323399
13331607
13348533
13358598
13361858
13362934
13384398
13391929
13397663
13418749
13452288
13479382
13479762
13481121
13485121
13496242
13499820
13503641
13506298
13520620
13521758
13528243
13539603
13550511
13555679
13560353
13561654
13582701
13594806
13603631
13605217
13606741
13634902
13652682
13659515
13689810
13695969
13697345
13707924
13716952
13718064
13724173
13724280
13732571
13739391
13747047
13749514
13755412
13759990
13781940
13790533
13793328
13806867
13809629
13810683
13813167
13814068
13831907
13832652
13840491
13841072
13843127
13849760
13853677
13858432
13871492
13876830
13877758
13880772
13901589
13904405
13913742
13928128
13948438
13948535
13950457
13958395
13962369
13964132
13971355
13971931
13980828
13984462
14010509
14045934
14052250
14056536
14059199
14066017
14066100
14068797
14070043
14074136
14076060
14098866
14100538
14104143
14112105
14113697
14114035
14120273
14126847
14129987
14142447
14144264
14153479
14158287
14161238
14163076
14163361
14197239
14212612
14226621
14230510
14234215
14242610
14259987
14260117
14264556
14266216
14275059
14278190
14278362
14299870
14302083
14302156
14305310
14328957
14340866
14340907
14346805
14360051
14360415
14366563
14382340
14393969
14396627
14399615
14419795
14424511
14428920
14430107
14432243
14432976
14442176
14446128
14452438
14453011
14462719
14468499
14478789
14491430
14493124
14493226
14501139
14505789
14516746
14532027
14532946
14538306
14541836
14552701
14556191
14557053
14570200
14575005
14592553
14604794
14609963
14637850
14642312
14645785
14656235
14663111
14669545
14692487
14713598
14715126
14718953
14729099
14730659
14732340
14737799
14743768
14776952
14780448
14787972
14790202
14797097
14799761
14807564
14809700
14831081
14832342
14839996
14846103
14848639
14856107
14857077
14857577
14863472
14865048
14871155
14881021
14921065
14951262
14951776
14962229
14966082
14970506
14976214
14998420
14999958
15011528
15035394
15046286
15048028
15056839
15074631
15086284
15098904
15101055
15109108
15117968
15119302
15123149
15142873
15153940
15166176
15170257
15171443
15174758
15203869
15213982
15242017
15272722
15275034
15279190
15282815
15291486
15291705
15297950
15309140
15309736
15311679
15320907
15328337
15330890
15348048
15355647
15357617
15363338
15371057
15373892
15380596
15397997
15407971
15414184
15415236
15432169
15449780
15451632
15459294
15465935
15495914
15496745
15496762
15501167
15506248
15511454
15512148
15529025
15548478
15556601
15558222
15585735
15600131
15612495
15619077
15622547
15623988
15642707
15644672
15652373
15664207
15673963
15685986
15689507
15708836
15720778
15739160
15740693
15741307
15746143
15748849
15756546
15769105
15769723
15774292
15774472
15781271
15783876
15806763
15819084
15824842
15857454
15862926
15867312
15910323
15913706
15914904
15916039
15945204
15966934
15982717
15993274
15993611
15994953
16004601
16037452
16041266
16062879
16080970
16081458
16094698
16107196
16109216
16128969
16129785
16142579
16183717
16188906
16209402
16217676
16222638
16230655
16255873
16257417
16283810
16288940
16292373
16301323
16302326
16303663
16321074
16323666
16331182
16338822
16357813
16379141
16379363
16380763
16385517
16386935
16390151
16390880
16399842
16426117
16426561
16432848
16441441
16453260
16467437
16478503
16492655
16492951
16495522
16498411
16500250
16500350
16500976
16507501
16524527
16551003
16552579
16560863
16586820
16597266
16606621
16610878
16612587
16615603
16632890
16637403
16647409
16647556
16648628
16649631
16651665
16658484
16668933
16670849
16687805
16689146
16689925
16721395
16723796
16728355
16732553
16749101
16756703
16759472
16771306
16777296
16782880
16818893
16824903
16827368
16847544
16872579
16878185
16886005
16888897
16901807
16912943
16931848
16932650
16951516
16955544
16956685
16965763
16977672
16979171
16981141
16981983
16992429
16992997
17009591
17033310
17035691
17039753
17054325
17073594
17086451
17087281
17089011
17091157
17093664
17098149
17099078
17100067
17101145
17107929
17118134
17122877
17126931
17158634
17176400
17201611
17210401
17216457
17225359
17230600
17243877
17274033
17274505
17285320
17292214
17298267
17305887
17312593
17322838
17324512
17340894
17348642
17371818
17373714
17377070
17380969
17403093
17408752
17413937
17419856
17419972
17434567
17436223
17438146
17439154
17447108
17448067
17456212
17476821
17521378
17525974
17529698
17535310
17535734
17554577
17569513
17578444
17599102
17601834
17605082
17618618
17624524
17632851
17649704
17662051
17662872
17664317
17665959
17681093
17682957
17684226
17684556
17693045
17702536
17711465
17715534
17721434
17730934
17731177
17746673
17748189
17765904
17767130
17771806
17775915
17796164
17815953
17826876
17831422
17836346
17839065
17847449
17848182
17862494
17864272
17881738
17886990
17889710
17892375
17903913
17914299
17920556
17960536
17965439
17990264
17997335
18003817
18007783
18013277
18017423
18026786
18033552
18040130
18046905
18071227
18087220
18094956
18104830
18108837
18121990
18124274
18125040
18125373
18138482
18141342
18158022
18160999
18164739
18171892
18173166
18173744
18185276
18189032
18197820
18199959
18200475
18205333
18206335
18209590
18211572
18240199
18246989
18255811
18259688
18264444
18270554
18287915
18288365
18307721
18308121
18310134
18311690
18327316
18330143
18346646
18353086
18367882
18373914
18375768
18391638
18395628
18440784
18448127
18464359
18471220
18483517
18504583
18518288
18521783
18524564
18531871
18538721
18539734
18543046
18554976
18566455
18571618
18574960
18577294
18585328
18587284
18599299
18604544
18611385
18614573
18627762
18628107
18633438
18654526
18665573
18665634
18683572
18725123
18760779
18766745
18774961
18778485
18779515
18783935
18797269
18799919
18800865
18805419
18808335
18809663
18817408
18839018
18846295
18850242
18868413
18877349
18909840
18935566
18938849
18942316
18944531
18970221
18993498
19002871
19007926
19028065
19041896
19050539
19050674
19053085
19060052
19067240
19070097
19086980
19089456
19093765
19098142
19099259
19104644
19105025
19110246
19113621
19132695
19133902
19134890
19137890
19142992
19159502
19171265
19175584
19179946
19185784
19210147
19219745
19226100
19231228
19231258
19241327
19243294
19255297
19268517
19277434
19281440
19283965
19287456
19310599
19319144
19327269
19329409
19333515
19336466
19354469
19367361
19394220
19394437
19403695
19415841
19445602
19466119
19468065
19469874
19505110
19506830
19515242
19528170
19529004
19533702
19533848
19537328
19565072
19568890
19578876
19587737
19595468
19599465
19600899
19603801
19610500
19616786
19617213
19634194
19638731
19642075
19647770
19649523
19654593
19683738
19702466
19722430
19723008
19723912
19730206
19746013
19746507
19757365
19771209
19781192
19783070
19791235
19795215
19797160
19837170
19837725
19846287
19851637
19855296
19858849
19863916
19892306
19906682
19911514
19918484
19934671
19936787
19943109
19943544
19958094
19960581
19967382
19995334
20002599
20010450
20019273
20019607
20042919
20044814
20047696
20068710
20072132
20077750
20091371
20103380
20103684
20104966
20127297
20161542
20172408
20180228
20197384
20202473
20210238
20221998
20224405
20227835
20232297
20238036
20242860
20244259
20247512
20251760
20258165
20263007
20271335
20292761
20307033
20311360
20313353
20338089
20339365
20352735
20357700
20361182
20373455
20379486
20383047
20404971
20405478
20425034
20430305
20432672
20436873
20485767
20489772
20491330
20495034
20495662
20504792
20518977
20521286
20530650
20539393
20540140
20541254
20551657
20554386
20564259
20565728
20596948
20599102
20612737
20614576
20617232
20617975
20623079
20626045
20646410
20651862
20652908
20661224
20681204
20682602
20685330
20690854
20704118
20711837
20716153
20729900
20739680
20742925
20758094
20765678
20772324
20784010
20787916
20816411
20816844
20820356
20828016
20837556
20838037
20854193
20854635
20873044
20883132
20926323
20929804
20929982
20933407
20935177
20941647
20955467
20965847
20966163
20974420
20987313
21000553
21009675
21010198
21013909
21024101
21025749
21029389
21033342
21043461
21055811
21073817
21074719
21089361
21101478
21111045
21112934
21119066
21123660
21131702
21133574
21136409
21145416
21179545
21180358
21185644
21187719
21192018
21207512
21208745
21247659
21266057
21267215
21269772
21291017
21301227
21316257
21328904
21348624
21363494
21364575
21371689
21381180
21400384
21401884
21427560
21428682
21428713
21440263
21442040
21443270
21459425
21462487
21470233
21471880
21472758
21477937
21491873
21499519
21506352
21513042
21517216
21532251
21533272
21535062
21545902
21582693
21585229
21589080
21592276
21593341
21596031
21599947
21623921
21634976
21640866
21642623
21643430
21660892
21697079
21701914
21703264
21704404
21713573
21728218
21728334
21752831
21775795
21787518
21791562
21824159
21829494
21835749
21838668
21844796
21845553
21846450
21847547
21861284
21865240
21866618
21893863
21897695
21902551
21906582
21908034
21917445
21921158
21925199
21925455
21928917
21932246
21964124
22018984
22025044
22026920
22044053
22071869
22074382
22088502
22094490
22095837
22097270
22111794
22131908
22139007
22156286
22175934
22178199
22185680
22195214
22218819
22250693
22262990
22265964
22269214
22298155
22302602
22322032
22337637
22352490
22367268
22367299
22377469
22377781
22382244
22382929
22386164
22389797
22397788
22465011
22472641
22475615
22476913
22479684
22480149
22493326
22498330
22518381
22519519
22522365
22550222
22566847
22570251
22583290
22583981
22595172
22596450
22606472
22633633
22635238
22659980
22681612
22703226
22711326
22715331
22722053
22727631
22729018
22735193
22747845
22748823
22754861
22758835
22792077
22803704
22806963
22823057
22837277
22841025
22848777
22855136
22864937
22866188
22874324
22882509
22884406
22892910
22923136
22924079
22959441
22959448
22965889
22971538
22991798
22993019
23002083
23016893
23016941
23026328
23026410
23030922
23049113
23084153
23132933
23136351
23146621
23148246
23149526
23150638
23156545
23162576
23167338
23168135
23175779
23188834
23192118
23197932
23199006
23206725
23220195
23230988
23270107
23272589
23272803
23277465
23283227
23291215
23314317
23319951
23323420
23330794
23364209
23373212
23373845
23378420
23388236
23395613
23405631
23406732
23415496
23421458
23423328
23432314
23440692
23446414
23449830
23452980
23471929
23472830
23486593
23488511
23506895
23507540
23510954
23531760
23536210
23568139
23568456
23569899
23571757
23574205
23577446
23596202
23606707
23610740
23619192
23628864
23632229
23638852
23641047
23648732
23651773
23655442
23657171
23662804
23677684
23681772
23706685
23709366
23715869
23737349
23751450
23760443
23769209
23770252
23780820
23784517
23798049
23814136
23823586
23834204
23837955
23843793
23844521
23867144
23867309
23875329
23885292
23905187
23921415
23925775
23928535
23929463
23945086
23945544
23974367
23977415
23980384
23983886
23996213
23998857
24005596
24019726
24037500
24039556
24054688
24056735
24069040
24077159
24079824
24083257
24122531
24141693
24149796
24160151
24162019
24162204
24186240
24191441
24193215
24203612
24211955
24215980
24216505
24217896
24218505
24238360
24245958
24247457
24250354
24256433
24258352
24273654
24293448
24303078
24322894
24324223
24327725
24352313
24380476
24387132
24389038
24395868
24403404
24412016
24428530
24434610
24437725
24448735
24471769
24473124
24497475
24536486
24572004
24576318
24587641
24589151
24596509
24602922
24631294
24638655
24660992
24666249
24679517
24700212
24705121
24720427
24720722
24721094
24722892
24727456
24738310
24744190
24748265
24754318
24757593
24777311
24779960
24782906
24790461
24809011
24809439
24810373
24813823
24835456
24841579
24849153
24863776
24879391
24879592
24883691
24925524
24929191
24930817
24936622
24939184
24939440
24943584
24946270
24946428
24955830
24960093
24970068
24975082
24976209
24976841
24988747
24994721
24997118
25050533
25069609
25080075
25084599
25092696
25092746
25094112
25094776
25096869
25098679
25110544
25111648
25114276
25116384
25119956
25139472
25150984
25153310
25196010
25204897
25217302
25228867
25233624
25243842
25266389
25275995
25289003
25298882
25300792
25320372
25331494
25336567
25347244
25359349
25370483
25373402
25385840
25397013
25408339
25409464
25419994
25428192
25430526
25435097
25438707
25444003
25462805
25467357
25470765
25477969
25478657
25480340
25495329
25497065
25507273
25508020
25515806
25528549
25538341
25568121
25575386
25581548
25585945
25587901
25591833
25600690
25617649
25641283
25643392
25645167
25645971
25698014
25703685
25703803
25709974
25718847
25726261
25726523
25760746
25772702
25787721
25794764
25815718
25818147
25820147
25848397
25858404
25860921
25861905
25869966
25883850
25885655
25899754
25905598
25909972
25923185
25925519
25949684
25950565
25955181
25957706
25959812
25962297
25967331
25977206
25982875
25983383
25991246
26014722
26024124
26030229
26043184
26044629
26046924
26078971
26082550
26110764
26121700
26125677
26127369
26148069
26150948
26157636
26163272
26173312
26174737
26175635
26182449
26207365
26212751
26215143
26218453
26218733
26220922
26222465
26240952
26254544
26260793
26282083
26282702
26284129
26289609
26296896
26306346
26308215
26312317
26314582
26328881
26355033
26361305
26362181
26378227
26385224
26401327
26407368
26412041
26422713
26457230
26467321
26470612
26475205
26485256
26507347
26511666
26537106
26543878
26557846
26562591
26570744
26576865
26576909
26583310
26589665
26591995
26593437
26598166
26599780
26605324
26617686
26628549
26638671
26650076
26651389
26659296
26669889
26670302
26688475
26692413
26692829
26700096
26702248
26708343
26735696
26746268
26747451
26751191
26761636
26771551
26783564
26785252
26794018
26795597
26796150
26803408
26816721
26836117
26837183
26842165
26842593
26845588
26846887
26854804
26863031
26863159
26863521
26868170
26884976
26893441
26905292
26906132
26915123
26941373
26947822
26955643
26968541
26980161
26985758
26987806
26989576
27011356
27016720
27020409
27027117
27030172
27048905
27050564
27070389
27072355
27080847
27089450
27090178
27095446
27108317
27111705
27114588
27145116
27150918
27157324
27167720
27175632
27180283
27180313
27182663
27187669
27191090
27195492
27238338
27240604
27246848
27251353
27263681
27274626
27286850
27287452
27302783
27304177
27331246
27362797
27365186
27372764
27393069
27410538
27418238
27420973
27462569
27464422
27471225
27473107
27479206
27482025
27482032
27492585
27496033
27497042
27526852
27532428
27532868
27534879
27538199
27551196
27569407
27586167
27616014
27620752
27621981
27628926
27637606
27665398
27665910
27699511
27703829
27718874
27722155
27737665
27756500
27763826
27776581
27786860
27802388
27805828
27805840
27812928
27846378
27847753
27875315
27875346
27875416
27877725
27879968
27892301
27902796
27902818
27906944
27921439
27936605
27938181
27946934
27947907
27960659
27973902
27977713
27982776
27984138
27988207
27989357
27995452
28011060
28015300
28017368
28028837
28037084
28038206
28048418
28051268
28054529
28077311
28084104
28088398
28103351
28105922
28106678
28138929
28140716
28144313
28144588
28145363
28149783
28153215
28159638
28195920
28203166
28203332
28225523
28226489
28244752
28249796
28250251
28256100
28267768
28268454
28303237
28308603
28313044
28315453
28320217
28353799
28359314
28365303
28373828
28374987
28398769
28408434
28414415
28418615
28425428
28449154
28449483
28453609
28491861
28522962
28523030
28523570
28553096
28559516
28569029
28573028
28580861
28584676
28586236
28592920
28608427
28610719
28628353
28632505
28640522
28652035
28654964
28655146
28658531
28661505
28676270
28688563
28702463
28702758
28707564
28714553
28716880
28727180
28728268
28734783
28737329
28739459
28756341
28761148
28771446
28778702
28779251
28781613
28804319
28805854
28818290
28828127
28832669
28837046
28841032
28841560
28870143
28872881
28904897
28922046
28926310
28942130
28958874
28959479
28972545
28977722
28988581
28989970
29003414
29014982
29037680
29038196
29039012
29040642
29049350
29062070
29068381
29069398
29072217
29074955
29113299
29118717
29149066
29160690
29193313
29206009
29206764
29245747
29270834
29284193
29284441
29284897
29295397
29296690
29301352
29308482
29320068
29324202
29327501
29337347
29342521
29346162
29377326
29394497
29405444
29406490
29412771
29412886
29420027
29438505
29440961
29442310
29448548
29450776
29452079
29452510
29459865
29468885
29480873
29483120
29484320
29486623
29503196
29506376
29510861
29514385
29532300
29537259
29542155
29548176
29555578
29557736
29562127
29581542
29610315
29614307
29621988
29623166
29625803
29659796
29661845
29680291
29685243
29686078
29688851
29692936
29701752
29718590
29718733
29719680
29744580
29771142
29779245
29808908
29813141
29836150
29859541
29900476
29907549
29940335
29967658
29971760
29972087
29997383
29998766
30008440
30019869
30030271
30035732
30035810
30062577
30089856
30093968
30095536
30096176
30106398
30106467
30108254
30127603
30129264
30136402
30148287
30149781
30153999
30156184
30169930
30173070
30180458
30195176
30209339
30215990
30217037
30280062
30287892
30300367
30340109
30341147
30341553
30342849
30346969
30347970
30359048
30362526
30362934
30364806
30370889
30389618
30397169
30410769
30416852
30430965
30432234
30435073
30435665
30474709
30482446
30489489
30500754
30502344
30509360
30518659
30528229
30532595
30537191
30537429
30540576
30550850
30552741
30553991
30561101
30561349
30563978
30576095
30585809
30588548
30606740
30617113
30625500
30641575
30651742
30657666
30672095
30727339
30747860
30750141
30760427
30765513
30768186
30780624
30798186
30805636
30827518
30830355
30852316
30863171
30874821
30876151
30892631
30898528
30911737
30926890
30957901
30965301
30972090
30972912
30974846
30982491
31000727
31002752
31010558
31022972
31036794
31042644
31043139
31051289
31068419
31077501
31093480
31098739
31099792
31104645
31124991
31128341
31134562
31135827
31146706
31146842
31149054
31149258
31150431
31162287
31165878
31176304
31177850
31183900
31191513
31191855
31207411
31207809
31214845
31219022
31219535
31222153
31233663
31233785
31247983
31248492
31249958
31250209
31256521
31270400
31280891
31293202
31299921
31313125
31333291
31336481
31342587
31346802
31354274
31362627
31366119
31366318
31393032
31393142
31404606
31406245
31408193
31419483
31442462
31452459
31465925
31469972
31487154
31504600
31506944
31510122
31514498
31514521
31515072
31517909
31520258
31522064
31524872
31546766
31559026
31565006
31569444
31598428
31601317
31604391
31612090
31620759
31622325
31628841
31631724
31634750
31641175
31641765
31648301
31650832
31651731
31654714
31683143
31689346
31691006
31692823
31699262
31699435
31706251
31724696
31728434
31741070
31742121
31782385
31791692
31793707
31796501
31800508
31825645
31839554
31842989
31845662
31862036
31870020
31878254
31879348
31887875
31897724
31901281
31904565
31905529
31924933
31934703
31939177
31940106
31964321
31982213
31986726
31994008
31998602
31999160
32003413
32006405
32010971
32011273
32021931
32034652
32068369
32069011
32080992
32081185
32085861
32087114
32097377
32097499
32126815
32139361
32147872
32147986
32166621
32169110
32172149
32179274
32184043
32203056
32236842
32243033
32252968
32265802
32288050
32289500
32308582
32312644
32314830
32320818
32345319
32355832
32355860
32365656
32368265
32369952
32375216
32375826
32378391
32382117
32383515
32387958
32398196
32411820
32432987
32444811
32453464
32454753
32457589
32467659
32467810
32472081
32475241
32487933
32496568
32512576
32518172
32523876
32532601
32532866
32548360
32550904
32559320
32559385
32570277
32579563
32592709
32594209
32602676
32620109
32623581
32624187
32630220
32632181
32633534
32640640
32645804
32654687
32700675
32703374
32707507
32716516
32726553
32737409
32739981
32746447
32747656
32760470
32764758
32772439
32775579
32795674
32802901
32805532
32842833
32847526
32851664
32880918
32891740
32894487
32900682
32906280
32913166
32924739
32933048
32944263
32955866
32964564
32966498
32973614
32976533
32991662
32995611
33003942
33033090
33053569
33064962
33066469
33076115
33082652
33085842
33086180
33097938
33100957
33108515
33110965
33114988
33116460
33119646
33123330
33126907
33127077
33127135
33141667
33143779
33155600
33168509
33168946
33170926
33181425
33186562
33205677
33212073
33227120
33227183
33238866
33242119
33247976
33252288
33261723
33264335
33266919
33277480
33280928
33296069
33299764
33310512
33324967
33328149
33331465
33334177
33358133
33359053
33360678
33362410
33365342
33386705
33420700
33421802
33427110
33430679
33438282
33443470
33449076
33469317
33469505
33470850
33471826
33494483
33497520
33507852
33511874
33518258
33519516
33521142
33539436
33545839
33557902
33567400
33573473
33608393
33612853
33642099
33649755
33673238
33675587
33676522
33679837
33692991
33699042
33711560
33722465
33724699
33731181
33751403
33756026
33774226
33796412
33804342
33805636
33806251
33821022
33824622
33832809
33837801
33858823
33859289
33872262
33882823
33899309
33919463
33920027
33924114
33934067
33955284
33960067
33961945
33983803
33990227
34017114
34052077
34058610
34060175
34064803
34071767
34098828
34102859
34105152
34106067
34111237
34114706
34117355
34118488
34118840
34133654
34146057
34152368
34154361
34171636
34198102
34200260
34203146
34220308
34243335
34260327
34267468
34270197
34270413
34284090
34285686
34291800
34300314
34302415
34303263
34310640
34325043
34329958
34362897
34370670
34372961
34374568
34375434
34391939
34399771
34416993
34420078
34421470
34423162
34428445
34432816
34434988
34446500
34460114
34463646
34465777
34469735
34487425
34494834
34502665
34509663
34544763
34553234
34587853
34595396
34600078
34603883
34607279
34623777
34631251
34635083
34645831
34646663
34667346
34688595
34698716
34710553
34722477
34729749
34755564
34758990
34795580
34796664
34798601
34798882
34804048
34805006
34811975
34817230
34818123
34820443
34828378
34832418
34834000
34837719
34839481
34861516
34868662
34868938
34878214
34903632
34903957
34906242
34912608
34914293
34916496
34919186
34939278
34949213
34956293
34958485
34978255
34982089
34986685
34991212
34996172
35008149
35012517
35037555
35060839
35070287
35106893
35130983
35140250
35154338
35164002
35176084
35179212
35182596
35190508
35200375
35203448
35208727
35210239
35210397
35211303
35215875
35220655
35224712
35232960
35239656
35242906
35252485
35256506
35273779
35279239
35292031
35300923
35301204
35306242
35327832
35337063
35363449
35388221
35388396
35390631
35393576
35393695
35399260
35418477
35442545
35443854
35451234
35467222
35467696
35477015
35506335
35512405
35517871
35534818
35549471
35563599
35593104
35594099
35598337
35604483
35609679
35611016
35618268
35631888
35640669
35647133
35656168
35669729
35677662
35678920
35686675
35687751
35699538
35723842
35730440
35732193
35735952
35751794
35758740
35760014
35767878
35781164
35784395
35787712
35809347
35811920
35812902
35820696
35822217
35823156
35852105
35857391
35863304
35873067
35874954
35880046
35886858
35888803
35917763
35935257
35943179
35946164
35958336
35963433
35964030
35964389
35969694
35969932
35975036
35983286
35990147
35993371
35995414
36006580
36024656
36045527
36047547
36060880
36074351
36076334
36096435
36100896
36131219
36142954
36147517
36166251
36180658
36186527
36206147
36207835
36216330
36221357
36221756
36223967
36226209
36228244
36247129
36265637
36279697
36313330
36337653
36350406
36353219
36359331
36368177
36375753
36399225
36401234
36404665
36410999
36426242
36437448
36438067
36438955
36444215
36444434
36445991
36447332
36461205
36461659
36473886
36477793
36487093
36488107
36498150
36501463
36504988
36505934
36507815
36517550
36526049
36528376
36531899
36540949
36563296
36564539
36564716
36567739
36577956
36583772
36588437
36593655
36603827
36604804
36607088
36617089
36642143
36653512
36664051
36668586
36675259
36678214
36679593
36686763
36696624
36727484
36732156
36758932
36764727
36770473
36778930
36782196
36789085
36804127
36812999
36818896
36820160
36820937
36824536
36837684
36848096
36862268
36876116
36879677
36891930
36894117
36899504
36902320
36907583
36916212
36937391
36946128
36956218
36961215
36970969
36990594
36992520
37006750
37020547
37021923
37027368
37038925
37072289
37094085
37114254
37122279
37138867
37149646
37164577
37169097
37169194
37171467
37171535
37189733
37205258
37217998
37234078
37236921
37238831
37240087
37276996
37279871
37280287
37298129
37298222
37302298
37305405
37329168
37329660
37334393
37340668
37362645
37363907
37379424
37395795
37406086
37411825
37414563
37422968
37433038
37441038
37452699
37454876
37462813
37480682
37482859
37487285
37489730
37492401
37503767
37522336
37524301
37530025
37536516
37541196
37564382
37569347
37597350
37604347
37627561
37648520
37659459
37674183
37681157
37704165
37705235
37712586
37714460
37774943
37776297
37784502
37795994
37797702
37815236
37818904
37824221
37827386
37853948
37859009
37863761
37865934
37868614
37870187
37880218
37891752
37893798
37894767
37899590
37902176
37903874
37904215
37907655
37919482
37919869
37928146
37930021
37933403
37934770
37955144
37965237
37966564
37970957
37972215
37972948
37979101
37994118
38002600
38042582
38043913
38059353
38063660
38077050
38097012
38097544
38108045
38116672
38117596
38136098
38140272
38152477
38166994
38174736
38179026
38183264
38189903
38191178
38202118
38208041
38214191
38227228
38231394
38246976
38250399
38254920
38287055
38287183
38289554
38296704
38302233
38309337
38311840
38322815
38325347
38334088
38335905
38338658
38354261
38354581
38359523
38359789
38367489
38369260
38377492
38379719
38387134
38388378
38392899
38403703
38411719
38423782
38424180
38424473
38425842
38438882
38439840
38444035
38444911
38484551
38506675
38522142
38522914
38540830
38546042
38548776
38560425
38576148
38580638
38584902
38594008
38606658
38607346
38616558
38617907
38620403
38620426
38624031
38625313
38629138
38630558
38637418
38641257
38643298
38648407
38680888
38691288
38703462
38703513
38733860
38738277
38739159
38739491
38772027
38784924
38793412
38812085
38813951
38817142
38827001
38829185
38830451
38832592
38832997
38834261
38834663
38834814
38852308
38858611
38866019
38866581
38867616
38870229
38872789
38874620
38906673
38937505
38944270
38945009
38945922
38953050
38973074
38977369
38995299
38999632
39009767
39014245
39015403
39020708
39029591
39032160
39042867
39056471
39074860
39078946
39086129
39097732
39101930
39107181
39117205
39117432
39125848
39162688
39185701
39187190
39194809
39201357
39203222
39207966
39211114
39211157
39220598
39249485
39258713
39264643
39271059
39272166
39273047
39286199
39293193
39304448
39311626
39317541
39332335
39333482
39334829
39345820
39357759
39361481
39364306
39370412
39373030
39377635
39405273
39407195
39417594
39425571
39434798
39442143
39464329
39480660
39487520
39488017
39499592
39516212
39533184
39540828
39549473
39556573
39566195
39569472
39596408
39598743
39599778
39620437
39623295
39628793
39647334
39668982
39676477
39680606
39680892
39705827
39723683
39733058
39740138
39746730
39750439
39758880
39769339
39769767
39774573
39802039
39806720
39812716
39831322
39842829
39856285
39857308
39866205
39874872
39876544
39897789
39906544
39907608
39923900
39925838
39935467
39936739
39937533
39939201
39945181
39954743
39981497
39984990
39990415
39994079
40012968
40024088
40025510
40029206
40040769
40043957
40045489
40050074
40059113
40060827
40066547
40070455
40076305
40095535
40100326
40106603
40109969
40132300
40151037
40157463
40158388
40165278
40167383
40168269
40173540
40197170
40204583
40206880
40210406
40213561
40230512
40233359
40247217
40255428
40282054
40283586
40288189
40293180
40324830
40345744
40359661
40361683
40372621
40375142
40380091
40381972
40382027
40392095
40392691
40417024
40423464
40427929
40439127
40446545
40449692
40457698
40473963
40492260
40493859
40494653
40497774
40502386
40524038
40524100
40553124
40588230
40603490
40606749
40609542
40614095
40620686
40625101
40629992
40650249
40666203
40685459
40685466
40687453
40698711
40699592
40702841
40716041
40719249
40723968
40735136
40794001
40803079
40817839
40818764
40843077
40846907
40850846
40852992
40858213
40864966
40879904
40882366
40882550
40904467
40905026
40916597
40940163
40943406
40950144
40950783
40954184
40956685
40988573
40991935
40995512
41012755
41029175
41050088
41073132
41078145
41113251
41119110
41119245
41124825
41125271
41129284
41137501
41139321
41158625
41167679
41173088
41178768
41191474
41195631
41202228
41206271
41209089
41219563
41225111
41226424
41238120
41274953
41290070
41294061
41300165
41327598
41328954
41337996
41338161
41360867
41361968
41364063
41369510
41407543
41417267
41417938
41433045
41447355
41451809
41462397
41471333
41499801
41514298
41536529
41539454
41554842
41567225
41572748
41576527
41578972
41580545
41589110
41617963
41627874
41651359
41668446
41674916
41677476
41679737
41699740
41725237
41755816
41757512
41759914
41765984
41780188
41783838
41793397
41793807
41812357
41814761
41826749
41839616
41844525
41856552
41859291
41860668
41860700
41876680
41885330
41887077
41897405
41908302
41918406
41934199
41942925
41942968
41957735
41962696
41964233
41978845
41987928
41994793
42008818
42012808
42021054
42026309
42033432
42056668
42092134
42121328
42124721
42131056
42134417
42145549
42151764
42155441
42158120
42161835
42170748
42186892
42207921
42213844
42215932
42216846
42230634
42239044
42241397
42246655
42252536
42258408
42259200
42267678
42270432
42275204
42296047
42302657
42309014
42313549
42329291
42352350
42355446
42355674
42372663
42396899
42414041
42416278
42420054
42421131
42426159
42432526
42466503
42473471
42480113
42500814
42532483
42532855
42537355
42551052
42557969
42561209
42561441
42580022
42581519
42591515
42597494
42620685
42632370
42639176
42653768
42656634
42688365
42698272
42730193
42734409
42739931
42743141
42756406
42763220
42768245
42770008
42782990
42790919
42790953
42793677
42820846
42834029
42839888
42865679
42869680
42869876
42872418
42873470
42879644
42900678
42922004
42966117
42970833
42974113
42978437
42995146
43000086
43000296
43034025
43038917
43048616
43055334
43057365
43069942
43073063
43073989
43077776
43085723
43086179
43097922
43099138
43110508
43134545
43141225
43144950
43149106
43157007
43169927
43171038
43176984
43182173
43185342
43197390
43199824
43224972
43226929
43231995
43234847
43241761
43250924
43276681
43286925
43287144
43292905
43302083
43308915
43310439
43311522
43321480
43337775
43345010
43345533
43346708
43349448
43357156
43357168
43362429
43366722
43375605
43376920
43381844
43381874
43389710
43414386
43414508
43463525
43465239
43479709
43485253
43493360
43498248
43499532
43508365
43526520
43555513
43557218
43575151
43585018
43592146
43598208
43600346
43603857
43604471
43609492
43627798
43653322
43662985
43677329
43685904
43689933
43693195
43710060
43713655
43718235
43719396
43724577
43747326
43747507
43761398
43768238
43769332
43776223
43776661
43810881
43812387
43815823
43816369
43845022
43858448
43860963
43863586
43875684
43877331
43885421
43886131
43898409
43900816
43914451
43916289
43916777
43950602
43956387
43966850
43966861
43970519
43974379
43979248
43983856
43991550
43992143
43998188
44000603
44011620
44012913
44021526
44022600
44025902
44037401
44044559
44044974
44049866
44051227
44061589
44073785
44084561
44086146
44095227
44101588
44101848
44116348
44133692
44139586
44162886
44166268
44171085
44177188
44182995
44209278
44211533
44212994
44219363
44225396
44241609
44244358
44247162
44254917
44258295
44260588
44261524
44262446
44264051
44268648
44272256
44332245
44332269
44357702
44365657
44366927
44379580
44383858
44393941
44398438
44399329
44400696
44411642
44413030
44416927
44417622
44439781
44447146
44482179
44487077
44498496
44499554
44503331
44506222
44534115
44534892
44540549
44544703
44553174
44555896
44559648
44561654
44582020
44601289
44609872
44635097
44645779
44658601
44710697
44735793
44742218
44743389
44759721
44770382
44790661
44811281
44824561
44825302
44835473
44836672
44840475
44867566
44885769
44888256
44893671
44902151
44905307
44908090
44913282
44919073
44921807
44922051
44923662
44924423
44925043
44926442
44936780
44937792
44951477
44958019
44965660
44969553
44987480
45017320
45018199
45029368
45031656
45051202
45053800
45080982
45084897
45086685
45096808
45130449
45146494
45147667
45168558
45170871
45174716
45188727
45205241
45238624
45238857
45243055
45262166
45274949
45284540
45285900
45296571
45297917
45298307
45299501
45307007
45313236
45338212
45344545
45347370
45349673
45360507
45365304
45373559
45384480
45393894
45395520
45420644
45421451
45424034
45429250
45433067
45434046
45441951
45449439
45458925
45459822
45466142
45487058
45498972
45503756
45521859
45526985
45551222
45552666
45555730
45557899
45560215
45569472
45577669
45578250
45579087
45586890
45602546
45603763
45605609
45607860
45619274
45624290
45628970
45635430
45644328
45650900
45655609
45661176
45674404
45683511
45696997
45713338
45714680
45724240
45732286
45733931
45752835
45757782
45769222
45784227
45787912
45803156
45807695
45819060
45822357
45839816
45840007
45845042
45873376
45878704
45931093
45933339
45950530
45968175
45978066
45986054
45987063
46003482
46011794
46021387
46052889
46059194
46087824
46119409
46124916
46126541
46131791
46132242
46132392
46138272
46139868
46140631
46169789
46180663
46181678
46192339
46196034
46222389
46230429
46241992
46243960
46246751
46248026
46265444
46267192
46275640
46280958
46285611
46295130
46319496
46347804
46348670
46353384
46371308
46375325
46383599
46384835
46392883
46404731
46423953
46435336
46460866
46471651
46471885
46474208
46476349
46485087
46494409
46496573
46496741
46504099
46526591
46529736
46530024
46535371
46538920
46546690
46557260
46558691
46572058
46584677
46588648
46592192
46593985
46604017
46608020
46627720
46638695
46641801
46643021
46647700
46649405
46650756
46665011
46666719
46670296
46685932
46687038
46707417
46727920
46774342
46778774
46783282
46793094
46799511
46803344
46823807
46846356
46847367
46852917
46856296
46884542
46887209
46888020
46889166
46889632
46926416
46934500
46938976
46940270
46952401
46958241
46964876
46966580
46969610
46985203
46991878
46995446
47010707
47012942
47013072
47022891
47032381
47046669
47048265
47053170
47060731
47062043
47062217
47082388
47092704
47105237
47112401
47125851
47135433
47144466
47149461
47161399
47162625
47163809
47189798
47192019
47195914
47228086
47237524
47237559
47238732
47253196
47257740
47259017
47280651
47285338
47288855
47289261
47291121
47301375
47304432
47306908
47334979
47354523
47355252
47355913
47358078
47367308
47381583
47386812
47388428
47401161
47402178
47402948
47412895
47420879
47430776
47447566
47464043
47473100
47473179
47488193
47494763
47498104
47511294
47534819
47536305
47546485
47574748
47588837
47602456
47609650
47611294
47619990
47630119
47638099
47643319
47648165
47675070
47689835
47697757
47700805
47721848
47739667
47744760
47745833
47763344
47770369
47797041
47822146
47849913
47856799
47882359
47884963
47897472
47903923
47906384
47923546
47923571
47941159
47948827
47953019
47956305
47969240
47971723
47971875
48003328
48008468
48014716
48017264
48025532
48036215
48047455
48054775
48078466
48079675
48089276
48091773
48105190
48116674
48131368
48153150
48156720
48159985
48161709
48164019
48168438
48190315
48194068
48202172
48215521
48223994
48230227
48231495
48233054
48237654
48250996
48272887
48283938
48288775
48295636
48308555
48316925
48328735
48342587
48355440
48373184
48387546
48391094
48391586
48393166
48415900
48429400
48439914
48458809
48468721
48472073
48481311
48482662
48486225
48487472
48497411
48534864
48547930
48553318
48575451
48575527
48583910
48594433
48610996
48613528
48623861
48635970
48636270
48640279
48644145
48646094
48663697
48677268
48689718
48707874
48715535
48717985
48725978
48731818
48739225
48747895
48757940
48765695
48769031
48785250
48792724
48804803
48811605
48824067
48824543
48845816
48856589
48857005
48859047
48860860
48868043
48871212
48875075
48875632
48882459
48886354
48891769
48895884
48897558
48919615
48924672
48930621
48932554
48951138
48972460
48979321
49000799
49044158
49050822
49056580
49065995
49069437
49071166
49080861
49082156
49082196
49083351
49090175
49097821
49097996
49108392
49109972
49112305
49129661
49141519
49142511
49166350
49188453
49188801
49188982
49196483
49199296
49226090
49228097
49243829
49248194
49248586
49266898
49273697
49283967
49310013
49339828
49339904
49353738
49361702
49364969
49366396
49374328
49374508
49374599
49419018
49437171
49437388
49460888
49473531
49488922
49495852
49496945
49499860
49508471
49550413
49554179
49556809
49569966
49596016
49598862
49602485
49613531
49639771
49654380
49666517
49667553
49675641
49680573
49681390
49685438
49686347
49688577
49691599
49700161
49701257
49707986
49724395
49727004
49731619
49740586
49753705
49755815
49758262
49780435
49786173
49789354
49808373
49808441
49813522
49843406
49857360
49857721
49874423
49875137
49878621
49885025
49896962
49903701
49904889
49911376
49911768
49922781
49929442
49936878
49942685
49943922
49962404
49976681
49991089
50005292
50011366
50035755
50038474
50043800
50050278
50053019
50054853
50058717
50062141
50067287
50074603
50075135
50086997
50092716
50103719
50112888
50125507
50128993
50129066
50131994
50143959
50149525
50170897
50187051
50192610
50220917
50225370
50233201
50234901
50243843
50252022
50258256
50259529
50262365
50281118
50284474
50299660
50305843
50309431
50311888
50370367
50370649
50382530
50389332
50394671
50399354
50404102
50410663
50411617
50419293
50420387
50422049
50428633
50429628
50441367
50442252
50442515
50442890
50455539
50472625
50473487
50495760
50497369
50502664
50531525
50537696
50554876
50563246
50582935
50592743
50606212
50609030
50624349
50627990
50632831
50635017
50642694
50657283
50658775
50658870
50659114
50675220
50680173
50680631
50692936
50694513
50721368
50723306
50734298
50741862
50748100
50758620
50781793
50789202
50795102
50823720
50831000
50847675
50855744
50856154
50862913
50865549
50870584
50872376
50880047
50899715
50902798
50910284
50920767
50945207
50959309
50972864
50974377
50994054
51011047
51028256
51030832
51054177
51066799
51071001
51086753
51091382
51103254
51120842
51124558
51132793
51133450
51136305
51176792
51191088
51214224
51218389
51235117
51235260
51259784
51264232
51285858
51291045
51293624
51298143
51303070
51315651
51315950
51317680
51322166
51344339
51359127
51362428
51367919
51376473
51400082
51404187
51417350
51425669
51434668
51462417
51463062
51466793
51476184
51479184
51484313
51491245
51512041
51517947
51539401
51554595
51558398
51561601
51570863
51571373
51579876
51584474
51594262
51597867
51603213
51605315
51613092
51613527
51618476
51622704
51628209
51637255
51642220
51651243
51651748
51653328
51654137
51658652
51661554
51664355
51667249
51679364
51715694
51722589
51722664
51726037
51729710
51730805
51739896
51753778
51765085
51774050
51794957
51797661
51816663
51816950
51817886
51832290
51842104
51844799
51849579
51852162
51855301
51867904
51874699
51874852
51887502
51898360
51902042
51903706
51916701
51924614
51930875
51936758
51949326
51959306
51965698
51986018
52003107
52019359
52022207
52026473
52030262
52060222
52069275
52077938
52083794
52086998
52094792
52118885
52126965
52133721
52138335
52138856
52140465
52146201
52154742
52179557
52192785
52193386
52199081
52199292
52206079
52208371
52213766
52217859
52219962
52220433
52225006
52234307
52239994
52246660
52261978
52262653
52263107
52263800
52270369
52272728
52277952
52279342
52312406
52331259
52345999
52379950
52395709
52397937
52402506
52406125
52407556
52410499
52412888
52416779
52436857
52450785
52451131
52455761
52464768
52469328
52493525
52501182
52503016
52504534
52510005
52516782
52518184
52578540
52580764
52597867
52602481
52604820
52608739
52608940
52609954
52611298
52615505
52652012
52672204
52680934
52722859
52723243
52778400
52782267
52804413
52815409
52818047
52827306
52828678
52831189
52834025
52853060
52853569
52871844
52880184
52880273
52898071
52908976
52909368
52914873
52918012
52937578
52942825
52949615
52952450
52958988
52979949
52982917
52984873
52997800
52999289
53003648
53013315
53020762
53022963
53036190
53057394
53062169
53074300
53074403
53079712
53088073
53091530
53093778
53100956
53114733
53117583
53123727
53126054
53138916
53149313
53175101
53183288
53208795
53228534
53239758
53245690
53250446
53250920
53256449
53264838
53270051
53299679
53304380
53307344
53308737
53325485
53326685
53348631
53359491
53363954
53364205
53427453
53464151
53469871
53508394
53511133
53516165
53519069
53522603
53528838
53530173
53533502
53534934
53545192
53547622
53555948
53585749
53602727
53614171
53656991
53659745
53667244
53669341
53686852
53698779
53709316
53712622
53722142
53723014
53729455
53733794
53753652
53758379
53760539
53773895
53778420
53787667
53796448
53805016
53808072
53810100
53825220
53834715
53859512
53860224
53869612
53870657
53876633
53876768
53878827
53879493
53898076
53908488
53951375
53960247
53984349
53988178
54002467
54004174
54018182
54023818
54035007
54039248
54057327
54070349
54072364
54081016
54081372
54101221
54102770
54102800
54103885
54125717
54126457
54128859
54135707
54146197
54152015
54174611
54175722
54193239
54193314
54201141
54203618
54203830
54212433
54226137
54232253
54235327
54238057
54241043
54245106
54250205
54275788
54281929
54287505
54299791
54300062
54313472
54323843
54324710
54350628
54365196
54378272
54404291
54405259
54408060
54417536
54419905
54427387
54440460
54442184
54446802
54468229
54471503
54480647
54480930
54491168
54494350
54496566
54504155
54519714
54523084
54527142
54547288
54560851
54561534
54562228
54562807
54563217
54563493
54564557
54566052
54583260
54606953
54610534
54610648
54619182
54620743
54622078
54623485
54632519
54638387
54638412
54639991
54663172
54668725
54670980
54688562
54697485
54715306
54719171
54728038
54731654
54731980
54735013
54742333
54751553
54765052
54766001
54782722
54784446
54788757
54795446
54797164
54800829
54802940
54807549
54816862
54819240
54824091
54831690
54860239
54869771
54875354
54887423
54892893
54905889
54906011
54941352
54958793
54973736
54983129
55001967
55004400
55034209
55035346
55056727
55062040
55086716
55103472
55109187
55113006
55127809
55132252
55156320
55163753
55171688
55180231
55194247
55197986
55201918
55202936
55203632
55205143
55209295
55218566
55221995
55231418
55239289
55259217
55259220
55262700
55269033
55270115
55271697
55276247
55292488
55301285
55308676
55335056
55346918
55348667
55351874
55352010
55353127
55356995
55366657
55375156
55379216
55390027
55393224
55406212
55413718
55427756
55434749
55456854
55458408
55470203
55471995
55479926
55513791
55526727
55527949
55529422
55565811
55569216
55579398
55592771
55615368
55653097
55661471
55669611
55672834
55680175
55693022
55701254
55701659
55705862
55706716
55708197
55719195
55742926
55750657
55765578
55784481
55784487
55797832
55808837
55810320
55815366
55825710
55832131
55853866
55858497
55866053
55876799
55882876
55884574
55889389
55890456
55904913
55907747
55910773
55911326
55912416
55927783
55930751
55943067
55964961
55967374
55983625
55991284
56002319
56002375
56004922
56007752
56011322
56022376
56058691
56062038
56082292
56083709
56084362
56102428
56119513
56129256
56137057
56137428
56140221
56149144
56154190
56163330
56165481
56184069
56188035
56193146
56206891
56211141
56241005
56244244
56265744
56276676
56277615
56289215
56289389
56291605
56292468
56304410
56307318
56319374
56320629
56328092
56329358
56330443
56337443
56352214
56352584
56360979
56369611
56379247
56381338
56385875
56405306
56407732
56443625
56464715
56465387
56488575
56500277
56511059
56515842
56520538
56521939
56536625
56538487
56546379
56549243
56554923
56557951
56572254
56609713
56615349
56622798
56626213
56659243
56668403
56682659
56691426
56704985
56740173
56743155
56761209
56763411
56767948
56786068
56786236
56795550
56797818
56806421
56808494
56809269
56826279
56827956
56833943
56875450
56889125
56899961
56909471
56914153
56919343
56925875
56944891
56978342
57004875
57006211
57019090
57021747
57026057
57029541
57031519
57033547
57034357
57043962
57047611
57053423
57061536
57073247
57077084
57079883
57115677
57115901
57130281
57147282
57165276
57167565
57175954
57184235
57196773
57202737
57218842
57223214
57228372
57235976
57240998
57241690
57278301
57291732
57292348
57299729
57304042
57306763
57314387
57324308
57333799
57342347
57365774
57374892
57383950
57400679
57407935
57412649
57425478
57435756
57445754
57446173
57451992
57464313
57490085
57505696
57513036
57515193
57537145
57543246
57545366
57546461
57560175
57573303
57579242
57581856
57613836
57617699
57625169
57630817
57639030
57641128
57645197
57648068
57650290
57658934
57681701
57690148
57709338
57715564
57720951
57723348
57729169
57739840
57749806
57755220
57761302
57761359
57768492
57783303
57796325
57799633
57866866
57871536
57880803
57881658
57900998
57908823
57928015
57928424
57930376
57937660
57939789
57945440
57967201
57975012
58004152
58009927
58013717
58073328
58073761
58078914
58082356
58098250
58098650
58103311
58108122
58117941
58118474
58124142
58140360
58142047
58144696
58151670
58159945
58160766
58179827
58197202
58209131
58211498
58214765
58219521
58229733
58238702
58244591
58259046
58274658
58275220
58297082
58320581
58330811
58332711
58332983
58333505
58348049
58348501
58354126
58356697
58379203
58379691
58388394
58391721
58392729
58409115
58410919
58411094
58412787
58454461
58455590
58462210
58475860
58494546
58497496
58503183
58506846
58507971
58513179
58525004
58540358
58542119
58548545
58551503
58551551
58553942
58563929
58580298
58581806
58592822
58595443
58597460
58601659
58626323
58631223
58633699
58636431
58652567
58664590
58674024
58680919
58681047
58695257
58701265
58702247
58713690
58715492
58717611
58721653
58722076
58730250
58733822
58735279
58757519
58766326
58772567
58787020
58790461
58813234
58813561
58814037
58817795
58843782
58844682
58849835
58858686
58863368
58873260
58879985
58888066
58889850
58890119
58890307
58895327
58908548
58922955
58924641
58926135
58928189
58931857
58943270
58995982
59011379
59015065
59018343
59022669
59025231
59039171
59044793
59054101
59061112
59064869
59068274
59082675
59087470
59089733
59097997
59104327
59117966
59142169
59156280
59166248
59179954
59198338
59198471
59213823
59215709
59226313
59229250
59232863
59239218
59242508
59246747
59258894
59277025
59284621
59286154
59310939
59326180
59329843
59343656
59344428
59349440
59369389
59373707
59385278
59395021
59397991
59398356
59421005
59441273
59453134
59460092
59461368
59486004
59486371
59487738
59489559
59491943
59492875
59498315
59499202
59505553
59522288
59530611
59540380
59564612
59567752
59577839
59581519
59612023
59616192
59620338
59623152
59638675
59655458
59659176
59665314
59695201
59704066
59704621
59716714
59733216
59735004
59747855
59757225
59781678
59791139
59800750
59802120
59811019
59811526
59822484
59829914
59853345
59856622
59883150
59884284
59885491
59907572
59910890
59913661
59916528
59922110
59957932
59961527
59965536
59966349
59975924
59981711
59993028
59999229
60001034
60003835
60018831
60028721
60035179
60037672
60038754
60042841
60053858
60055153
60055613
60057733
60059566
60063706
60084537
60093525
60093956
60099645
60103434
60110817
60122927
60131212
60133829
60153225
60153336
60178980
60191006
60195439
60204425
60206551
60211723
60221683
60225586
60225611
60240147
60240325
60253310
60253692
60255975
60256604
60256929
60260131
60286643
60287483
60293881
60298241
60300860
60313114
60339368
60353009
60368413
60372422
60373100
60376965
60378458
60381021
60383407
60384851
60412831
60420925
60446402
60446777
60454167
60464399
60469844
60507512
60521665
60522321
60528889
60530023
60530795
60532804
60533743
60553648
60553905
60563177
60564970
60567071
60584832
60588930
60595777
60616972
60622296
60625318
60661887
60667367
60668494
60670762
60676428
60689839
60691361
60706266
60727260
60732826
60745067
60750754
60755837
60760019
60761748
60769537
60774798
60794597
60797153
60798053
60813325
60813496
60821383
60834020
60838713
60860217
60872364
60872960
60872961
60883497
60892862
60901227
60901939
60918656
60921553
60934636
60941988
60955721
60956948
60961662
60975431
60988670
61000102
61002827
61018606
61022148
61023932
61037618
61084661
61088876
61089013
61091328
61099072
61132130
61152972
61154186
61165325
61170167
61171829
61176813
61182109
61190695
61199775
61214972
61216178
61235822
61237893
61241362
61248801
61249960
61260378
61280961
61292179
61294268
61297680
61302675
61306237
61310259
61315191
61315729
61323750
61344376
61350385
61357780
61405932
61410385
61410417
61421825
61431094
61431177
61439063
61443046
61445005
61446467
61447646
61461435
61468384
61474177
61474924
61478914
61482713
61487230
61527084
61529359
61553787
61557562
61558455
61570323
61573000
61592182
61646379
61648475
61657052
61675593
61683950
61700391
61702277
61710430
61721114
61731800
61733264
61735087
61752584
61757568
61761849
61774105
61774511
61783147
61791013
61801291
61805168
61818978
61820439
61820640
61821750
61822381
61836528
61841562
61846184
61855176
61856671
61874574
61880132
61880738
61894866
61895085
61908606
61914762
61931434
61938471
61945946
61948955
61954282
61962702
61964668
62001413
62010204
62023086
62025288
62033893
62046034
62052302
62055118
62066125
62084529
62092671
62103814
62107841
62110590
62112660
62124238
62144078
62147758
62151738
62157048
62158963
62159046
62186947
62192214
62201974
62209216
62210939
62231440
62234604
62267309
62270443
62280503
62286267
62308058
62362166
62371129
62371203
62378870
62380169
62389395
62390278
62397606
62413046
62442564
62443754
62447595
62460021
62469799
62470354
62470472
62474460
62482567
62485795
62493557
62496916
62499285
62503674
62530710
62536559
62539168
62586828
62594634
62594823
62611023
62614465
62620978
62631727
62636631
62645123
62663289
62668916
62674520
62678510
62685610
62703783
62722200
62732944
62736213
62742534
62745953
62747380
62749903
62758594
62782966
62788641
62801371
62803016
62813377
62815803
62818303
62818654
62842352
62846370
62846675
62866259
62876489
62898084
62907608
62917460
62935013
62983522
62998163
63000635
63010350
63011473
63022291
63034604
63046851
63050926
63051561
63060170
63087763
63096297
63110397
63119071
63134016
63148934
63153554
63162178
63167346
63170066
63176362
63208854
63211008
63220604
63224344
63224356
63236702
63245013
63248625
63260157
63265257
63276682
63295189
63298579
63301708
63304583
63307976
63314870
63350858
63351955
63372224
63372253
63375789
63376689
63380718
63384537
63396445
63439111
63457515
63475912
63497836
63499079
63517427
63536622
63547833
63551322
63554158
63576036
63589824
63619473
63622970
63626665
63640197
63640236
63643625
63646356
63652392
63656431
63667981
63693120
63698729
63703107
63708958
63717433
63717452
63741245
63794114
63809800
63835930
63839678
63840249
63846334
63859923
63861062
63867522
63868893
63870000
63884283
63890523
63891141
63893932
63901194
63904504
63909914
63923393
63924420
63932206
63937927
63942411
63944045
63956578
63956708
63957199
63965360
63969625
63973826
63976558
63979321
63981009
63988441
64001112
64009418
64013357
64044612
64052383
64054151
64062301
64074063
64108647
64113242
64118573
64118760
64119629
64138129
64139077
64156054
64161008
64166915
64197082
64198632
64200295
64209476
64210521
64213150
64230916
64232792
64233709
64239923
64255977
64257497
64260775
64268391
64282136
64289198
64291675
64292346
64292591
64292835
64297284
64298986
64299396
64308742
64313883
64333248
64334416
64353009
64355832
64358152
64363051
64368416
64369936
64380487
64387681
64387825
64396866
64436985
64448119
64452151
64453450
64458599
64478876
64490538
64491433
64492137
64494848
64498883
64506133
64506845
64508613
64509780
64510639
64512739
64514646
64515088
64533341
64553406
64553716
64560878
64581542
64588137
64591433
64593596
64597541
64606175
64635669
64647630
64648914
64658635
64667501
64678018
64678785
64679985
64685518
64686736
64689565
64698186
64702718
64710337
64716970
64726678
64731659
64745549
64746541
64761609
64767800
64772679
64777520
64787216
64787756
64788195
64809009
64810155
64810700
64811263
64839569
64859887
64883260
64883392
64884914
64888942
64905072
64920790
64920798
64928400
64931874
64949525
64960608
64970778
64974609
64996043
65037778
65043102
65054736
65069325
65082909
65100122
65109825
65114586
65115982
65134257
65136517
65154227
65182900
65215783
65219130
65227776
65241125
65254088
65267979
65289111
65303773
65308253
65310301
65338942
65340831
65341186
65348843
65372637
65376014
65415701
65418082
65422961
65424810
65429268
65440183
65482762
65486704
65489090
65497338
65504705
65507184
65533124
65536667
65540423
65552376
65554033
65562363
65563350
65564991
65566637
65573212
65584569
65587064
65589986
65602357
65620808
65635517
65638703
65656987
65680845
65681057
65703100
65705344
65707219
65708799
65717945
65718493
65720920
65731218
65753602
65759580
65787489
65794868
65801259
65808366
65808970
65811251
65814136
65822917
65852160
65856453
65856759
65877658
65900425
65900728
65902670
65921419
65929403
65945105
65950804
65965224
65982518
65989945
65993897
66004855
66011472
66023666
66029750
66038765
66047680
66082274
66085681
66099523
66103179
66121090
66121531
66129430
66130255
66139986
66180711
66194492
66199529
66202286
66202610
66210268
66211713
66212248
66213086
66217156
66230770
66233499
66237597
66240514
66249179
66265907
66291657
66335414
66335439
66336958
66343004
66365057
66370619
66378294
66386822
66402829
66404364
66404507
66406515
66412678
66416544
66425361
66425445
66459113
66459815
66464598
66487014
66500868
66508705
66516663
66520759
66529138
66530130
66544621
66560215
66564825
66566218
66574642
66575661
66578635
66593217
66615759
66616526
66619486
66642967
66651191
66654458
66655972
66668118
66669772
66678519
66691641
66697180
66702546
66706532
66712062
66717898
66721133
66721444
66762997
66781914
66786950
66791179
66798512
66806402
66823444
66838067
66842464
66854915
66865911
66882431
66891939
66897442
66904273
66906613
66908068
66922965
66931703
66944604
66953894
66964582
66996995
66997500
67014087
67036082
67047295
67048655
67051038
67058797
67094776
67095922
67096099
67104214
67107690
67111314
67135034
67149337
67153847
67172351
67176045
67218128
67226545
67232481
67234470
67239243
67239435
67277961
67287588
67296464
67304123
67308502
67337051
67341833
67364867
67365015
67385454
67391861
67402476
67403426
67412192
67421075
67431114
67439401
67471578
67473516
67473937
67490690
67493582
67493893
67505566
67507678
67520908
67521841
67537602
67540466
67546453
67546559
67548944
67565109
67568146
67589414
67598660
67607767
67612748
67616148
67633354
67634262
67635345
67648604
67653281
67654141
67663509
67666183
67676569
67684293
67688468
67694469
67701980
67705286
67705820
67713049
67713189
67719313
67738847
67739813
67756787
67761817
67768427
67769349
67781894
67784408
67784864
67790937
67817459
67826931
67829833
67857959
67886935
67907286
67908485
67916898
67927167
67956585
67960191
67979237
67980010
67984283
67991537
67996669
68005002
68012245
68038046
68039753
68045334
68051312
68055073
68059491
68067373
68068589
68074494
68080832
68088432
68101901
68103118
68104655
68116051
68130285
68133844
68141819
68144981
68159661
68165495
68166892
68170586
68170795
68175404
68175609
68186382
68205486
68207087
68226131
68226667
68241734
68248461
68253146
68254314
68259291
68279545
68286687
68286928
68287910
68289625
68318938
68340299
68354550
68360358
68361365
68361636
68394642
68406914
68409387
68420712
68422547
68423628
68426294
68445807
68450757
68473142
68478916
68496116
68497778
68507006
68540138
68550248
68572441
68578662
68586031
68591017
68596860
68604195
68624624
68634777
68641454
68652554
68669493
68673722
68673836
68676884
68678441
68712320
68733854
68738000
68786658
68798204
68803393
68811035
68813538
68816481
68819741
68820819
68832832
68837359
68837851
68840133
68840307
68842867
68851077
68853015
68853675
68891697
68898634
68903600
68919167
68927492
68929395
68930540
68948024
68965754
68980494
68986824
68998040
69012548
69024634
69028995
69066870
69071308
69092455
69098245
69105530
69107029
69123152
69124404
69134971
69136138
69168866
69179391
69182649
69213158
69220362
69221425
69225953
69228920
69257385
69261442
69276342
69280416
69284853
69300197
69325640
69343437
69363063
69389020
69402133
69409170
69418451
69420103
69427209
69447834
69449943
69460593
69469627
69482338
69483196
69484946
69486745
69486831
69511807
69521266
69537315
69538468
69547577
69558372
69565270
69573265
69576718
69605988
69607555
69610753
69651332
69655646
69670854
69672718
69676581
69689891
69695010
69695535
69696448
69715145
69721725
69738507
69748642
69751592
69752271
69764378
69774405
69805717
69813952
69814892
69814909
69840401
69848265
69890834
69894155
69911910
69913310
69913447
69919099
69921581
69930559
69941413
69951966
69966764
69977642
69980910
69981846
69985748
69985958
70004352
70011153
70037159
70039172
70043799
70047217
70055696
70065469
70075513
70081838
70128071
70156149
70157188
70173931
70174587
70178448
70179240
70179321
70185710
70188856
70195301
70213844
70222303
70223638
70227507
70230685
70232334
70243149
70250368
70253458
70254613
70258172
70263016
70267341
70273334
70273653
70282635
70303681
70307554
70326687
70348741
70352701
70354075
70376609
70379068
70388288
70388936
70403006
70411104
70418797
70419567
70437354
70438396
70457124
70464041
70482060
70509723
70516795
70520717
70526989
70541203
70559304
70571470
70575717
70590372
70599830
70600622
70637326
70655918
70668510
70679950
70684414
70684883
70699142
70704746
70710604
70721441
70727908
70731394
70752128
70761674
70762551
70781278
70795329
70805224
70813611
70822936
70845283
70846552
70856026
70863485
70863652
70879786
70881533
70884029
70887361
70893363
70896007
70911820
70912878
70922165
70923403
70925781
70949332
70957324
70976010
70977871
70981812
70986448
70988541
70997863
71013537
71016676
71032110
71036976
71043319
71044443
71044830
71070055
71079213
71086490
71089020
71129003
71138846
71145365
71149467
71151935
71159126
71161420
71190329
71191284
71199133
71215770
71219916
71230017
71230844
71238907
71253982
71269777
71278087
71281259
71282831
71298264
71306690
71324375
71325881
71338570
71340040
71353488
71355548
71360486
71383040
71413682
71415060
71415872
71419910
71432352
71457491
71458876
71477718
71481385
71484053
71496703
71501026
71503851
71510643
71515976
71516925
71542391
71545310
71549254
71579829
71580294
71580951
71583184
71584585
71586385
71589211
71604713
71610654
71611383
71615427
71618354
71623427
71624762
71626230
71637602
71656804
71663193
71663575
71667113
71676635
71710525
71716576
71725762
71755629
71766013
71807815
71815644
71821520
71827838
71840601
71844524
71851617
71860469
71867026
71877895
71884219
71886246
71891458
71911472
71912707
71913460
71928383
71946010
71974838
71977419
71982346
71988460
71993597
72002801
72020689
72036035
72042352
72045437
72050892
72055047
72059734
72062328
72063649
72068535
72071060
72087939
72102968
72105833
72122511
72136658
72148528
72152799
72158388
72162957
72163957
72195727
72197014
72200279
72200552
72203136
72207102
72211548
72214075
72217493
72245001
72247851
72255942
72257288
72280747
72282721
72303156
72311328
72316017
72316914
72318464
72328273
72330207
72332733
72346003
72355332
72361463
72378160
72380286
72385932
72394876
72395978
72399846
72400864
72403104
72408981
72423664
72426474
72430607
72447149
72447996
72473995
72478975
72486131
72500511
72500803
72507814
72508372
72521946
72527170
72543416
72563261
72568565
72572866
72584901
72584929
72585008
72598746
72616267
72630679
72631090
72634343
72644612
72648443
72656101
72658208
72658290
72660437
72672303
72693411
72695849
72735347
72740440
72769822
72789542
72818754
72831899
72834282
72845243
72849866
72863956
72865191
72876937
72878485
72887716
72890748
72897689
72905932
72907244
72913777
72917531
72926245
72939612
72944742
72951927
72958438
72960599
72975990
72992573
72994532
73003310
73007427
73029801
73039863
73055615
73065703
73076444
73078805
73088065
73089556
73098816
73103237
73110130
73116885
73131704
73132258
73154967
73222978
73229387
73234186
73239174
73244126
73251170
73268456
73272404
73272811
73280172
73287383
73290711
73299500
73316081
73343351
73356596
73357153
73362999
73366424
73371341
73372106
73380231
73383786
73391834
73392294
73393728
73398843
73410530
73415292
73415516
73444405
73459246
73467263
73475280
73477247
73487305
73498830
73505193
73505250
73509515
73513365
73516030
73534084
73539126
73542808
73551835
73562436
73577305
73590488
73594410
73612477
73613753
73621265
73623898
73635166
73641015
73656402
73661417
73665992
73669031
73672996
73691277
73722194
73722790
73742770
73751056
73757107
73761297
73761491
73772076
73773566
73775664
73783318
73787008
73790021
73806164
73821336
73825945
73830500
73842403
73856467
73871358
73884191
73903227
73910172
73911784
73920350
73938223
73959346
73963186
73973693
73974098
73975941
73980157
73983654
74001019
74004437
74007146
74011828
74014018
74021950
74029648
74030740
74035266
74047209
74064937
74068706
74073148
74085275
74088421
74092280
74098018
74102050
74108319
74109938
74118047
74170579
74178289
74186039
74187852
74196578
74204809
74215403
74218197
74240653
74256575
74269157
74271879
74273660
74309837
74324662
74332653
74348530
74353895
74390523
74401484
74410826
74417830
74428371
74435360
74443742
74449021
74454809
74454832
74457311
74470051
74471560
74472017
74487202
74496047
74498306
74503028
74505655
74517982
74526638
74546714
74557751
74564219
74567871
74576297
74608137
74613617
74616821
74631162
74633572
74636514
74646837
74652562
74660953
74662339
74679596
74685590
74691193
74695721
74697394
74701228
74704133
74714023
74741298
74748131
74756245
74764661
74771159
74771274
74773173
74777502
74782682
74796136
74815728
74821129
74837801
74851245
74856141
74859199
74908831
74909382
74935465
74948718
74981494
74998397
75000938
75001715
75002180
75003541
75011774
75042872
75044667
75058708
75063186
75087512
75094474
75101550
75102093
75115077
75115755
75122959
75141552
75149168
75156878
75158074
75164715
75181542
75184766
75186100
75186186
75197585
75205464
75206497
75214934
75215828
75229418
75233542
75238714
75245067
75248229
75248289
75248353
75266445
75273333
75279445
75279496
75313700
75330790
75334114
75336698
75343864
75345076
75353317
75354752
75383936
75405996
75410603
75415284
75415382
75431013
75442459
75448583
75455348
75455843
75462309
75465339
75474568
75476093
75477881
75502503
75505648
75510085
75521689
75522615
75525752
75539218
75546639
75548865
75552013
75552492
75555740
75556987
75559830
75609552
75625622
75640486
75647053
75650851
75661240
75666041
75677712
75684166
75684658
75686011
75691508
75707109
75714460
75729525
75747441
75755499
75762750
75768868
75783999
75785058
75789785
75793997
75800264
75802633
75814862
75817579
75859543
75887050
75888639
75889158
75903348
75930476
75931161
75948238
75971752
75975954
75983501
75992556
75998639
76003135
76007509
76009582
76030574
76037499
76052858
76065957
76066845
76075401
76080588
76084032
76093362
76099684
76101062
76103289
76108151
76114588
76125413
76137520
76138641
76147159
76148643
76149780
76156933
76159891
76165485
76183117
76199208
76201521
76210565
76213027
76213606
76224850
76232174
76251578
76256001
76259488
76263487
76292809
76307733
76311287
76323167
76327248
76345102
76345892
76356239
76358071
76384755
76389350
76392955
76396705
76403861
76404411
76405320
76417747
76417903
76418431
76423212
76428661
76431182
76434484
76449842
76450545
76454542
76477662
76478000
76486109
76490634
76502411
76528141
76534189
76545571
76550375
76552730
76554189
76559947
76569115
76571121
76582283
76607114
76614263
76628869
76634419
76645121
76650828
76654923
76674035
76679440
76691959
76708746
76714227
76715588
76732075
76758069
76791192
76792653
76796202
76808208
76809683
76816081
76817182
76826071
76829912
76829997
76830993
76861889
76876774
76878384
76882192
76890182
76891759
76913394
76916930
76934078
76937055
76972788
76982894
76984369
77000564
77011035
77012536
77013457
77015606
77015624
77019898
77040447
77042393
77046880
77060604
77075311
77076082
77078625
77112015
77131136
77185926
77187860
77189031
77195786
77212384
77218796
77221658
77227200
77227987
77257127
77279965
77280269
77286419
77292481
77299735
77304793
77320492
77321192
77350087
77362972
77374591
77376773
77391623
77395430
77409560
77410525
77416746
77431306
77433496
77444068
77459883
77465606
77472486
77474538
77475444
77478189
77481710
77488310
77508821
77516336
77530629
77536751
77553748
77558807
77570311
77572331
77583075
77605551
77613110
77622219
77628015
77633166
77636711
77638948
77639532
77641962
77648157
77649919
77651383
77663267
77666417
77666966
77674313
77687324
77692966
77698086
77707575
77711161
77718780
77719826
77720428
77745202
77754290
77759100
77762737
77768771
77769156
77790171
77801108
77823944
77828705
77832689
77838037
77838682
77838912
77851338
77858625
77861243
77865733
77879280
77891534
77901397
77902541
77904756
77907117
77911984
77917860
77934871
77955465
77955786
77958417
77974643
77990992
78030748
78037057
78051605
78053278
78057858
78064845
78066365
78072601
78073743
78085360
78092383
78099662
78125240
78127927
78128252
78129554
78159810
78175593
78176827
78182163
78185487
78186635
78207061
78208737
78214731
78222136
78234259
78245657
78257217
78258206
78272326
78273975
78277117
78283863
78290407
78307108
78317000
78318458
78336097
78340779
78343139
78346111
78359392
78361244
78366603
78369130
78380312
78391296
78436209
78446261
78449833
78452044
78459129
78478885
78481672
78491903
78495802
78511789
78513152
78513721
78520868
78534595
78534718
78537166
78544097
78553589
78553976
78556409
78558607
78563782
78569206
78569250
78604725
78624597
78626146
78632266
78637496
78645627
78656864
78657239
78663727
78670117
78683616
78693936
78704003
78734190
78766086
78770286
78772768
78775047
78780502
78789137
78796207
78815018
78819186
78823802
78833702
78836481
78845869
78847815
78861199
78864287
78866840
78872635
78885325
78903125
78928716
78937401
78937464
78967658
78992787
78993677
78995058
79005621
79016566
79018356
79034282
79048693
79053368
79059414
79071042
79071254
79073479
79077463
79077522
79095425
79118453
79127490
79129404
79137062
79144580
79164446
79167313
79167892
79168637
79169369
79174182
79176017
79183856
79196223
79197038
79220917
79233610
79234756
79245762
79284452
79286534
79295498
79312560
79333578
79336206
79340578
79342541
79343214
79361204
79372481
79382923
79391346
79393723
79399074
79426352
79431133
79441053
79453216
79456929
79458658
79459191
79461142
79467375
79481298
79483187
79485854
79497914
79509083
79509430
79511174
79538433
79544489
79551376
79563509
79564648
79574116
79576366
79583433
79584743
79586756
79592979
79593650
79596192
79601631
79606911
79618118
79618729
79628302
79646192
79648019
79659770
79661328
79664662
79665343
79666126
79709991
79722891
79733366
79736603
79749266
79752342
79760012
79771558
79792453
79814627
79821556
79826979
79828588
79831637
79837648
79864585
79871846
79876295
79899286
79913168
79936916
79941466
79949138
79952390
79978136
80018539
80047815
80070726
80075302
80088433
80095762
80104055
80104955
80105445
80109953
80117938
80122135
80135576
80138471
80145251
80145660
80157526
80158150
80171860
80183262
80191227
80193289
80196847
80198486
80202598
80207461
80213008
80238883
80242071
80248861
80265690
80269465
80281504
80289985
80296657
80303555
80322760
80325884
80336991
80354334
80354493
80357170
80373624
80382537
80391825
80392034
80398325
80399553
80418551
80421979
80424913
80435535
80451354
80463101
80476725
80478295
80487627
80491708
80495491
80503845
80513109
80529019
80529390
80548695
80574912
80574950
80577009
80591076
80592707
80595905
80601616
80610670
80619603
80630590
80655402
80662317
80674433
80675722
80677804
80696028
80700239
80707423
80714676
80729337
80730777
80731535
80735625
80736534
80758054
80762145
80772830
80818101
80819051
80822862
80827676
80831215
80852844
80859168
80871953
80878311
80878990
80899066
80899503
80901554
80912164
80918115
80928098
80933197
80934187
80935489
80977755
80980684
80999872
81001243
81042816
81049305
81053741
81101634
81106055
81122769
81127848
81129667
81141964
81143430
81160166
81169521
81172377
81174117
81192096
81192521
81213961
81215241
81220096
81222283
81241724
81246521
81259929
81286835
81292394
81294259
81295982
81301681
81302812
81304444
81305723
81311446
81316106
81321022
81322644
81334344
81339937
81366822
81378560
81388073
81397062
81398211
81405545
81409488
81413442
81428998
81430024
81432743
81442594
81443242
81443743
81455917
81524171
81528782
81533547
81537442
81546733
81549827
81562140
81563142
81567029
81579972
81587662
81588759
81594427
81598247
81623568
81628253
81634703
81640288
81641109
81645027
81664190
81664344
81693697
81697636
81704919
81717081
81754298
81769392
81773031
81778152
81779130
81781880
81786974
81787214
81809254
81812969
81814674
81816923
81817133
81837281
81876567
81898480
81899384
81902567
81905947
81906760
81907556
81911873
81941535
81949215
81957755
81964912
81981861
81988534
81997688
82032694
82052288
82064107
82069598
82076928
82080890
82086659
82088491
82093729
82098836
82104581
82118388
82121199
82132463
82132508
82165745
82170463
82181379
82184426
82196144
82197488
82220148
82225285
82232528
82234361
82235203
82237135
82257389
82258316
82259597
82261886
82263077
82268317
82271752
82281651
82295742
82334702
82353252
82353405
82380203
82387258
82419850
82426561
82441710
82472733
82510488
82515422
82515855
82516546
82517612
82523585
82524791
82549218
82552786
82560397
82567683
82570315
82607089
82612243
82637981
82646634
82651397
82658567
82677273
82710954
82723576
82773012
82784185
82789367
82801975
82805032
82829007
82837076
82867290
82869484
82869953
82894583
82908841
82924622
82961799
82966451
82979237
82988835
82990024
83002180
83005568
83006247
83013195
83015110
83024746
83039306
83049120
83060235
83060330
83071114
83080674
83082983
83105224
83119159
83120353
83121009
83141118
83142183
83143736
83144964
83148238
83190204
83194083
83196934
83208930
83212499
83217205
83221900
83269683
83281291
83283340
83300143
83314940
83329653
83345871
83347842
83350834
83353179
83355831
83363979
83364173
83367327
83367418
83371951
83383964
83392140
83394063
83403414
83409093
83411836
83416819
83417638
83435157
83437481
83478559
83492074
83507472
83508330
83534015
83539669
83541200
83556234
83563626
83571555
83590125
83607281
83612982
83617074
83625644
83632245
83659621
83660246
83665175
83681868
83748044
83757283
83759969
83767412
83769741
83770402
83789126
83791750
83791783
83795596
83799296
83800640
83814131
83815760
83839339
83853309
83853574
83873972
83874169
83877511
83920824
83949834
83955150
84006318
84010269
84012022
84022069
84022678
84027558
84035581
84045931
84046584
84047212
84048601
84051997
84074452
84076035
84077097
84077583
84087235
84092792
84121676
84144743
84154854
84163889
84170680
84180972
84181333
84189637
84189869
84200648
84207612
84215404
84223800
84226072
84234691
84251509
84259499
84271965
84288962
84297264
84300167
84301427
84309847
84330288
84341663
84344070
84345294
84350047
84369470
84382576
84388743
84393555
84405225
84405565
84420011
84428830
84430242
84439646
84440353
84441552
84468152
84471972
84475062
84476923
84481288
84483017
84512128
84513017
84518571
84519216
84527984
84535253
84551348
84557351
84563547
84564601
84569131
84572535
84592119
84603268
84611348
84616930
84628326
84633849
84638453
84639142
84648801
84648974
84652626
84702327
84707720
84719379
84727303
84748585
84757169
84761153
84793484
84795127
84801208
84810284
84831471
84844859
84845810
84861207
84868071
84874392
84884609
84884651
84899402
84900510
84933342
84933405
84937330
84946253
84953328
84975536
84975583
84977110
84979038
84979488
84980075
84985694
84987556
84995416
84995617
84998756
85014621
85020326
85021483
85026684
85028722
85035896
85036239
85042949
85045199
85050770
85061038
85062358
85066953
85069839
85070726
85084434
85105521
85113528
85122680
85123500
85130599
85131634
85156190
85159925
85212878
85232337
85236252
85249395
85254548
85256788
85260640
85265706
85266805
85270489
85283814
85288714
85289467
85297412
85308449
85316266
85318248
85334333
85338233
85339386
85352401
85355412
85366241
85369448
85378222
85391952
85393609
85454608
85460190
85485258
85486818
85487060
85510945
85511017
85512814
85517655
85590955
85610242
85618016
85620272
85637375
85642643
85663778
85665946
85681018
85689083
85717242
85736817
85739088
85740058
85754703
85764402
85778407
85784682
85795369
85806791
85809441
85813965
85816079
85823957
85878168
85914948
85922288
85922773
85931602
85937831
85943801
85944389
85951573
85964517
85965817
85983055
86075526
86079968
86087827
86096345
86100752
86104528
86108802
86120457
86151082
86166792
86169439
86187014
86194189
86202047
86224187
86226887
86226948
86229618
86235604
86248456
86270756
86280292
86282025
86283564
86284360
86291086
86307193
86319089
86335163
86355707
86368308
86370231
86385712
86392988
86394975
86398762
86419055
86428082
86435807
86441318
86447718
86449247
86449348
86450986
86465568
86467727
86467899
86473412
86487577
86489508
86493679
86501409
86508513
86509970
86522676
86547697
86559585
86564549
86571899
86577451
86605417
86618566
86621536
86622367
86625849
86628582
86646098
86650097
86652113
86659234
86674044
86689111
86697763
86708789
86710795
86713234
86728329
86742646
86750210
86750963
86751246
86756047
86759461
86760924
86773592
86794024
86795607
86805245
86814071
86814206
86814344
86843152
86854951
86857996
86868760
86871871
86895449
86909274
86946414
86949550
86950071
86957817
86972403
86993754
86998274
87003835
87004257
87044865
87046750
87065287
87081029
87083549
87086623
87092290
87093235
87105432
87108178
87127350
87155609
87159165
87163787
87194184
87194895
87202581
87216772
87235801
87241522
87252291
87256704
87262061
87262780
87271051
87286477
87294799
87295175
87295377
87316437
87321636
87331605
87331897
87355487
87363479
87369028
87371939
87374528
87382825
87435022
87438234
87438801
87439437
87460300
87462264
87479619
87480439
87490724
87501919
87509127
87511911
87515935
87522553
87527971
87531025
87532722
87560430
87563177
87574928
87608987
87630799
87650433
87653575
87655121
87665084
87671423
87677200
87685919
87685969
87693437
87697592
87709091
87717324
87725257
87730616
87747091
87747777
87760700
87764345
87768900
87779200
87788515
87789251
87794843
87801066
87801772
87805733
87825607
87833926
87837771
87842287
87868946
87871002
87881430
87883712
87888557
87888939
87908268
87928391
87942191
87945116
87960891
87966899
87966908
87979842
87983156
87985054
88008824
88021806
88026172
88032107
88058738
88065782
88080423
88084188
88086869
88103291
88114836
88124666
88125037
88137542
88139223
88148150
88153787
88157836
88171566
88179268
88184487
88185750
88187199
88187757
88192498
88200483
88214543
88215249
88224485
88236544
88238072
88238109
88265355
88276506
88288734
88293865
88312392
88327700
88327917
88331746
88341546
88349308
88371753
88374671
88376949
88400663
88423304
88437536
88442380
88452214
88485037
88506942
88510672
88514275
88517385
88525487
88541832
88552156
88565142
88573768
88576364
88590694
88591319
88605841
88615088
88617024
88618689
88625107
88650077
88656622
88663221
88667391
88681001
88687622
88690646
88712635
88716675
88723346
88741078
88752267
88766245
88788576
88794244
88818716
88821638
88823576
88825168
88831489
88833733
88841219
88845876
88851121
88856460
88893404
88918288
88932321
88937153
88952193
88955751
88973650
88974223
88977831
88982751
88994962
88998799
89002719
89005569
89006115
89007807
89018684
89047229
89063217
89069199
89087464
89109879
89124023
89126282
89133589
89142110
89145925
89152151
89154964
89157280
89158970
89161954
89165199
89198452
89212613
89227552
89240824
89269730
89270405
89286138
89286843
89287990
89294857
89316944
89324296
89326024
89351708
89378275
89378905
89414897
89417698
89426527
89427332
89432108
89440791
89454055
89484555
89501180
89507772
89509580
89510019
89514727
89532344
89532795
89534780
89543293
89544317
89552840
89557375
89562066
89598089
89623403
89628567
89631226
89631964
89667499
89676158
89688756
89706550
89717018
89733610
89754190
89767796
89789267
89805568
89830138
89841951
89848315
89851496
89858409
89878763
89879079
89887689
89904966
89909411
89911194
89925991
89939515
89941408
89941596
89942082
89960913
89984535
89985535
89990671
89991678
89998408
90002253
90007666
90020056
90024502
90039248
90041515
90042347
90050489
90065890
90065963
90083794
90087585
90088976
90116895
90143431
90146964
90151385
90153008
90159815
90167817
90172415
90181268
90185955
90188838
90207301
90209051
90220519
90225818
90233289
90242894
90247176
90251467
90253758
90268048
90272322
90274273
90274963
90291016
90297680
90318676
90323042
90343643
90372645
90373289
90392601
90397532
90400612
90411389
90412008
90413988
90414941
90418198
90418937
90425081
90429471
90432331
90444238
90446592
90450555
90452490
90452818
90453235
90458888
90469226
90477869
90494289
90498891
90506309
90509216
90509247
90511721
90517213
90542376
90553002
90553757
90563239
90568054
90582770
90592109
90598890
90611131
90613279
90622251
90644239
90649000
90649999
90651215
90657347
90660007
90661439
90661473
90675905
90676272
90689220
90691982
90693732
90695137
90699956
90701183
90713766
90728868
90736668
90736953
90745281
90757440
90759476
90768731
90795958
90796560
90820864
90845054
90883087
90896808
90903294
90905156
90926713
90931385
90941444
90945374
90960452
90974110
90980678
90998646
91000413
91014189
91026266
91043223
91070496
91075946
91093460
91102480
91102528
91115872
91128957
91132796
91134374
91158240
91159345
91169007
91180947
91182722
91194083
91196557
91199554
91226954
91237345
91262228
91277565
91305563
91312723
91319072
91327346
91328438
91332212
91333464
91333762
91338531
91340546
91350738
91357085
91358907
91359585
91363924
91372693
91375624
91385197
91391527
91394711
91410863
91429101
91443777
91446726
91474721
91491101
91499955
91502005
91509577
91510553
91528059
91529586
91529782
91532521
91545540
91549288
91551003
91559477
91581924
91586377
91589416
91599281
91605093
91613959
91615348
91616452
91625478
91637510
91643532
91651768
91657040
91668951
91673102
91678500
91678966
91682523
91696790
91704021
91713110
91719029
91720201
91720586
91724014
91725462
91728560
91744057
91752586
91762421
91839671
91869116
91870243
91872329
91874602
91875899
91898628
91899201
91899322
91911753
91915581
91919451
91924284
91940353
91946841
91962512
91977784
91991992
92003142
92005593
92005691
92027488
92031248
92034054
92041286
92050000
92052114
92059223
92063579
92064964
92076121
92076921
92090006
92091089
92100390
92109968
92111954
92114293
92178125
92192080
92194347
92202680
92208983
92209172
92213194
92237162
92241025
92255603
92257017
92262887
92266775
92300227
92308363
92323684
92339823
92340516
92343355
92353390
92370226
92376537
92378093
92380540
92390828
92399069
92399632
92417013
92425711
92435975
92439003
92460435
92469350
92478054
92494099
92496620
92500024
92512290
92518623
92538785
92540002
92552146
92580069
92583705
92594564
92602201
92619878
92624108
92625602
92638096
92643512
92652752
92662223
92667239
92675947
92679656
92707675
92719790
92722955
92730591
92733691
92739323
92743999
92751210
92765992
92784654
92824121
92856422
92862393
92864209
92867701
92872507
92876673
92876789
92891804
92922291
92945581
92989113
92990977
93007644
93011979
93051576
93060957
93076151
93080279
93096556
93114377
93118189
93142335
93150648
93150726
93185394
93189821
93190140
93191376
93215072
93217557
93218772
93220442
93234118
93234761
93241221
93245701
93252230
93258857
93266660
93272812
93287164
93287859
93292270
93304419
93312819
93316471
93318657
93323818
93329013
93332624
93339616
93343576
93352830
93354053
93362487
93364168
93376296
93387859
93396696
93398183
93400865
93402003
93402075
93405731
93409798
93419657
93420348
93422252
93429115
93437346
93438108
93440665
93468190
93493304
93526856
93534268
93552100
93601912
93630929
93634225
93636770
93638786
93642248
93649234
93655165
93659101
93678780
93683671
93683979
93689662
93695158
93696292
93702163
93703741
93705603
93711169
93726980
93761055
93766705
93769335
93786852
93789963
93801596
93805344
93806015
93813210
93814768
93820327
93824954
93835874
93868804
93883026
93884613
93894147
93909216
93920338
93934040
93944921
93952476
93963030
93991246
93999011
94016975
94021659
94024960
94030355
94036587
94053160
94055836
94065514
94080436
94098229
94109733
94116096
94119452
94133861
94138545
94139092
94166084
94166905
94183141
94184333
94208578
94214040
94215068
94220430
94230454
94234402
94241390
94252098
94252738
94262083
94264577
94264598
94275902
94311083
94325712
94330500
94363941
94367320
94370915
94373256
94389203
94397170
94397629
94420492
94425232
94426811
94428840
94441439
94456225
94456264
94461305
94477470
94484343
94495117
94509308
94518156
94524923
94532440
94542202
94551009
94559309
94570196
94583028
94583425
94593716
94599512
94608730
94614518
94619350
94621621
94622051
94630394
94632879
94670063
94680432
94700308
94714445
94728939
94731408
94763077
94774591
94779284
94793238
94801666
94825603
94829093
94840290
94845148
94851071
94855603
94872830
94885148
94889613
94892159
94941094
94952772
94969869
94988032
94991138
94999186
95009682
95015762
95016829
95022272
95025008
95048152
95051320
95056023
95079226
95080652
95082447
95085767
95087631
95097744
95102298
95104495
95109657
95117534
95132249
95133383
95140460
95147720
95150994
95153424
95156222
95171905
95180347
95192808
95195814
95203916
95210179
95218320
95229488
95230017
95242771
95265198
95267629
95268868
95272701
95277823
95282504
95290900
95297257
95305502
95310098
95319079
95331775
95337365
95345631
95365138
95366337
95367653
95377312
95405931
95409170
95421038
95421922
95423740
95426741
95440493
95447722
95448019
95453642
95485536
95488518
95488874
95497437
95514906
95515179
95517381
95528881
95568524
95573925
95589866
95597353
95611331
95637684
95642373
95646871
95655450
95655750
95668229
95679445
95680317
95690829
95704202
95722624
95738101
95739199
95743392
95750461
95771091
95773423
95775504
95779172
95779390
95793654
95823037
95838569
95839574
95863073
95865280
95880780
95886868
95894902
95908154
95927819
95932438
95937757
95941712
95942343
95960091
95965665
95970851
95989401
95996621
96002107
96004018
96012383
96042955
96044474
96053905
96056884
96090118
96100877
96106155
96114308
96118709
96147456
96166987
96187230
96189804
96192132
96197114
96206752
96207548
96209475
96211866
96241767
96242954
96262886
96277006
96303554
96351996
96373051
96399770
96413308
96423191
96424537
96478417
96483318
96491586
96493599
96504282
96506194
96509834
96523926
96536742
96536993
96552405
96558256
96561792
96561894
96566746
96581895
96582654
96586700
96603070
96615828
96617154
96617397
96638577
96638785
96652033
96652393
96660164
96662598
96663104
96674336
96677399
96682238
96689679
96691624
96706937
96712625
96715186
96718389
96740542
96742575
96748307
96748362
96753124
96770229
96772128
96773344
96780139
96783751
96791174
96797912
96808585
96812543
96822166
96838495
96839068
96849067
96863047
96865099
96868570
96875045
96879597
96881312
96894458
96899942
96906687
96907440
96907923
96908031
96916557
96920372
96920535
96938802
96941749
96953348
96953847
96999682
97003510
97005896
97007450
97029584
97032500
97047347
97050307
97050585
97050821
97054648
97058086
97060458
97062641
97086780
97094051
97106424
97114309
97126395
97141304
97143726
97150368
97159689
97172113
97172901
97173101
97175235
97179466
97188921
97189099
97193146
97197508
97197603
97199158
97200691
97202251
97246520
97250120
97252733
97258304
97260288
97271395
97276010
97277717
97281298
97289857
97291962
97292847
97312076
97327419
97334013
97336399
97347806
97349497
97360752
97374197
97374765
97375815
97382105
97382631
97392272
97395168
97401420
97403049
97409837
97440422
97451338
97452820
97459106
97463886
97473382
97473832
97475606
97481581
97495833
97496359
97535296
97544626
97553906
97565650
97573059
97574230
97608556
97620870
97638085
97649139
97659927
97660368
97676253
97691099
97692073
97692903
97696332
97718548
97749314
97750508
97757790
97766746
97779829
97781773
97808852
97846594
97851521
97854647
97886276
97889861
97889977
97892428
97904814
97905726
97905876
97933458
97934253
97944340
97949587
97957221
97958667
97970967
97972836
97973722
97984238
97986811
98000895
98010884
98011102
98014951
98025046
98030776
98032219
98033480
98051758
98057500
98074965
98086139
98124115
98131793
98133014
98133100
98162506
98185482
98185977
98186194
98189158
98192175
98202469
98202490
98235877
98235953
98241032
98245585
98247871
98248324
98254521
98259284
98259748
98261597
98273392
98282497
98283234
98286648
98287444
98297115
98298650
98300880
98306072
98326766
98331113
98340954
98347304
98352133
98358741
98372902
98376196
98386279
98405802
98416007
98440249
98442452
98445416
98448669
98457379
98461315
98466432
98470407
98471673
98475874
98500754
98505122
98511427
98514205
98518390
98519640
98520019
98534012
98537842
98542755
98557817
98560271
98564042
98580183
98595753
98609453
98614950
98617513
98625133
98627796
98661702
98669989
98675072
98678086
98687105
98691767
98692120
98709940
98724492
98725486
98731401
98731412
98747392
98758957
98803939
98806929
98815098
98821202
98823205
98825351
98835783
98846592
98848421
98852730
98880164
98883294
98886800
98890098
98895875
98902195
98937577
98938022
98949740
98967721
98967734
98984501
98985501
98997560
99012247
99014684
99016902
99018358
99021715
99025053
99046746
99059320
99099349
99105569
99122939
99132763
99139887
99169332
99181694
99185450
99186168
99201327
99203755
99204512
99212371
99215311
99215869
99230884
99241850
99245398
99260173
99261809
99266319
99276276
99278039
99288810
99296029
99296130
99309622
99311189
99314556
99315293
99323722
99338909
99341310
99346012
99351979
99352991
99354355
99377010
99399318
99411624
99431132
99451884
99453616
99456806
99458569
99495593
99495771
99514644
99519117
99520694
99521941
99533021
99541618
99544120
99545208
99549423
99568237
99569113
99572655
99575739
99577207
99577635
99582820
99585967
99588277
99590920
99602436
99604451
99635378
99637849
99647052
99655544
99663408
99665859
99674297
99675694
99676797
99677667
99678443
99684560
99689969
99696165
99715389
99732239
99742035
99743765
99746570
99754545
99760283
99770899
99774051
99777988
99838853
99857466
99861505
99871745
99875250
99875424
99875539
99880627
99892634
99904432
99910797
99914387
99926167
99926892
99934760
99937251
99939840
99955202
99970562
99993145